,Ips_acuminatus,Orthotomicus_erosus,Ernoporus_tiliae,Eidophelus_fagi,Euwallacea_fornicatus,Euwallacea_funereus,Euwallacea_wallacei,Euwallacea_destruens,Euwallacea_similis,Xyleborus_celsus,Xyleborus_ferrugineus,Xyleborus_glabratus,Xyleborus_perforans,Xyleborus_bispinatus,Xyleborus_monographus,Xyleborus_impressus,Xyleborus_spinulosus,Anisandrus_dispar,Anisandrus_sayi,Cnestus_mutilatus,Cnestus_bimaculatus,Dryocoetes_autographus,Dryocoetes_confusus,Hylesinus_crenatus,Hylesinus_varius,Hylesinus_aculeatus,Crypturgus_hispidulus,Dendroctonus_pseudotsugae,Platypus_cylindrus,Pityogenes_chalcographus,Pseudopityophthorus_minutissimus,Xylosandrus_germanus,Beaverium_insulindicus,Taphrorychus_bicolor,Hylurgus_ligniperda,Tomicus_destruens,Tomicus_piniperda,Tomicus_brevipilosus,Truncaudum_agnatum,Truncaudum_impexum,Coccotrypes_dactyliperda,Ambrosiophilus_atratus,Hadrodemius_globus,Leptoxyleborus_sordicauda,Coptoborus_pseudotenuis,Xyleborinus_andrewesi,Xyleborinus_gracilis,Xyleborinus_attenuatus,Xyleborinus_artestriatus,Xyleborinus_exiguus,Ambrosiodmus_rubricollis,Ambrosiodmus_asperatus,Ambrosiodmus_minor,Ambrosiodmus_lewisi,Ambrosiodmus_obliquus,Ambrosiodmus_tachygraphus,Cyclorhipidion_pelliculosum,Cyclorhipidion_bodoanum,Pseudowebbia_trepanicauda,Microperus_alpha,Microperus_popondettae,Debus_pumilus,Debus_emarginatus,Cryphalus_mangiferae,Webbia_pabo,Diuncus_justus,Diuncus_papatrae,Diuncus_haberkorni,Hypothenemus_hampei,Hypothenemus_birmanus,Hypothenemus_seriatus,Hypothenemus_eruditus,Hypothenemus_obscurus,Eccoptopterus_spinosus,Hylurgops_palliatus,Hylastes_ater,Hylastes_cunicularius,Hylastes_gracilis,Scolytus_schevyrewi,Scolytus_ratzeburgi,Scolytus_intricatus,Scolytus_multistriatus,Scolytus_rugulosus,Scolytus_carpini,Scolytus_dimidiatus,Dendroterus_defectus,Pagiocerus_frontalis,Monarthrum_fasciatum,Monarthrum_mali,Gnathotrichus_materiarius,Pityophthorus_pityographus,Polygraphus_poligraphus,Procryphalus_mucronatus,Trypodendron_signatum,Trypodendron_domesticum,Trypodendron_lineatum,Xyloterinus_politus,Hylocurus_langstoni,Xylocleptes_bispinus,Carphoborus_bifurcus,Pycnarthrum_hispidum,Premnobius_cavipennis,Ips_duplicatus,Ips_pini
Ips_acuminatus,0.0,0.2317146845,0.2498392495,0.3320995644,0.3464022724,0.36558049859999997,0.32510593219999995,0.38499938319999993,0.36306003979999996,0.45456673280000004,0.48148083220000004,7.3451155767,0.4717198273,0.45354021840000003,0.4085829568,0.38980533949999996,0.3369461121,0.36944269189999995,0.34910605659999994,0.3582569162,0.3953323766,0.32041358929999997,0.3244144273,0.322151378,0.316779729,0.41127226650000004,0.3158292522,12.2731486897,12.454063010699999,12.501177232699998,12.4763642242,12.481220239999999,12.435634023499999,12.436000675799999,12.2993041267,12.3292031961,12.2950108552,12.3169879476,5.776287196999999,5.8032244862999995,5.9037778687,5.891872591199999,5.885207745099999,5.8645601475,5.8831582952999995,5.863631139799999,5.893667878499999,5.877914677899999,5.897983687499999,5.901848164399999,11.6409112382,11.8808460322,5.893946160299999,5.902156028899999,5.915866825599998,5.886636960799999,5.871000245599999,5.893155070499999,5.867526851799999,5.931388796499999,5.8841396503,12.009242797499999,5.921538684999999,5.997822060099998,5.979740156699998,5.943828871799999,5.926603564499999,5.906910409199999,5.967584651099999,5.9725331884,11.4322480016,11.516324387700001,11.4766180855,5.9042471483,0.3427555377,0.355119669,0.39421671469999997,0.3993911536,0.4263761245,0.3966404843,0.3878285781,0.41441550709999997,0.3623302483,0.3840937962,0.4133153361,0.400125525,0.48143894229999995,0.4401667358,0.41226050579999995,0.4712453747,0.4077981112,0.3221286153,0.3652265241,0.3924725382,0.4309209358,0.37043140729999996,0.4926412722,0.2859257383,0.30029972829999996,0.34925639799999997,0.4482301998,0.2056447213,0.1577049235,0.2331733392
Orthotomicus_erosus,0.2317146845,0.0,0.3835427202,0.4658030351,0.4801057431,0.49928396929999996,0.45880940289999994,0.5187028538999999,0.49676351049999995,0.5882702035,0.6151843029,7.4788190474,0.605423298,0.5872436891,0.5422864275,0.5235088102,0.47064958279999997,0.5031461626,0.48280952729999993,0.4919603869,0.5290358473,0.45411705999999996,0.45811789799999997,0.4558548487,0.4504831997,0.5449757372,0.4495327229,12.4068521604,12.5877664814,12.634880703399999,12.6100676949,12.6149237107,12.5693374942,12.5697041465,12.4330075974,12.4629066668,12.4287143259,12.4506914183,5.9099906677,5.936927957,6.0374813394,6.0255760619,6.018911215799999,5.9982636182,6.016861766,5.997334610499999,6.027371349199999,6.011618148599999,6.0316871582,6.035551635099999,11.7746147089,12.0145495029,6.027649630999999,6.035859499599999,6.049570296299999,6.020340431499999,6.004703716299999,6.026858541199999,6.0012303225,6.0650922672,6.017843121,12.1429462682,6.055242155699999,6.1315255307999985,6.113443627399999,6.0775323425,6.060307035199999,6.0406138798999995,6.1012881218,6.1062366591,11.5659514723,11.650027858400001,11.6103215562,6.037950619,0.4764590084,0.4888231397,0.5279201854,0.5330946243,0.5600795952,0.530343955,0.5215320487999999,0.5481189778,0.496033719,0.5177972668999999,0.5470188067999999,0.5338289957,0.6151424129999999,0.5738702065,0.5459639765,0.6049488454,0.5415015819,0.45583208599999997,0.4989299948,0.5261760089,0.5646244065,0.5041348779999999,0.6263447429,0.419629209,0.43400319899999995,0.48295986869999996,0.5819336705,0.339348192,0.2914136354,0.3668820511
Ernoporus_tiliae,0.2498392495,0.3835427202,0.0,0.2373135975,0.3737686633,0.3929468895,0.3524723231,0.41236577409999997,0.39042643070000005,0.48193312369999997,0.5088472231,7.3724819676,0.4990862182,0.48090660929999995,0.43594934770000004,0.4171717304,0.364312503,0.39680908280000005,0.3764724475,0.38562330710000003,0.4226987675,0.3477799802,0.35178081819999996,0.34951776889999997,0.3441461199,0.4386386574000001,0.3431956431,12.300515080599999,12.481429401599998,12.528543623599997,12.503730615099999,12.508586630899998,12.463000414399998,12.463367066699998,12.326670517599998,12.356569587,12.322377246099999,12.344354338499999,5.8036535878999995,5.8305908772,5.9311442596,5.9192389820999995,5.912574135999999,5.8919265384,5.9105246862,5.890997530699999,5.921034269399999,5.905281068799999,5.925350078399999,5.929214555299999,11.668277629099999,11.908212423099998,5.921312551199999,5.929522419799999,5.943233216499999,5.914003351699999,5.898366636499999,5.920521461399999,5.894893242699999,5.9587551873999995,5.9115060412,12.036609188399998,5.948905075899999,6.025188450999998,6.0071065475999985,5.971195262699999,5.953969955399999,5.934276800099999,5.994951041999999,5.9998995793,11.459614392499999,11.5436907786,11.5039844764,5.9316135392,0.37012192860000004,0.3824860599,0.4215831056,0.42675754450000003,0.4537425154,0.4240068752,0.41519496899999997,0.441781898,0.3896966392,0.4114601871,0.44068172699999997,0.4274919159,0.5088053332,0.4675331267,0.4396268967,0.4986117656,0.4351645021,0.34949500619999996,0.39259291500000004,0.4198389291,0.45828732670000005,0.39779779819999994,0.5200076631,0.31329212920000005,0.3276661192,0.3766227889,0.47559659070000004,0.35747275700000003,0.3095382004,0.3850066161
Eidophelus_fagi,0.3320995644,0.4658030351,0.2373135975,0.0,0.4560289782,0.4752072044,0.434732638,0.494626089,0.4726867456,0.5641934386,0.5911075379999999,7.4547422825,0.5813465331,0.5631669241999999,0.5182096626,0.49943204529999996,0.44657281790000003,0.4790693977,0.4587327624,0.467883622,0.5049590824,0.43004029509999997,0.4340411331,0.4317780838,0.4264064348,0.5208989723,0.425455958,12.3827753955,12.563689716499999,12.610803938499998,12.58599093,12.5908469458,12.545260729299999,12.5456273816,12.4089308325,12.4388299019,12.404637561,12.4266146534,5.8859139028,5.9128511921,6.0134045745,6.001499297,5.994834450899999,5.9741868533,5.9927850011,5.973257845599999,6.003294584299999,5.987541383699999,6.007610393299999,6.011474870199999,11.750537944,11.990472738,6.003572866099999,6.011782734699999,6.025493531399999,5.996263666599999,5.980626951399999,6.002781776299999,5.9771535575999994,6.0410155023,5.9937663561,12.1188695033,6.031165390799999,6.107448765899998,6.089366862499999,6.053455577599999,6.036230270299999,6.016537114999999,6.0772113568999995,6.0821598942,11.5418747074,11.625951093500001,11.5862447913,6.0138738541,0.4523822435,0.46474637480000003,0.5038434205,0.5090178594,0.5360028303,0.5062671901,0.4974552839,0.5240422129,0.4719569541,0.493720502,0.5229420418999999,0.5097522308,0.5910656481,0.5497934416,0.5218872116,0.5808720805,0.517424817,0.4317553211,0.4748532299,0.5020992440000001,0.5405476416,0.48005811309999996,0.602267978,0.3955524441,0.40992643409999996,0.45888310379999997,0.5578569056,0.4397330719,0.3917985153,0.467266931
Euwallacea_fornicatus,0.3464022724,0.4801057431,0.3737686633,0.4560289782,0.0,0.1597017778,0.2049515522,0.2648450032,0.2587462976,0.3933167148,0.4202308142,7.2838655587,0.4104698093,0.3922902004,0.34733293880000005,0.3285553215,0.2756960941,0.3081926739,0.2878560386,0.29700689820000004,0.3340823586,0.2591635713,0.2631644093,0.4460807918,0.4407091428,0.5352016803,0.439758666,12.3970781035,12.5779924245,12.625106646499999,12.600293638,12.6051496538,12.5595634373,12.5599300896,12.4232335405,12.4531326099,12.418940269,12.4409173614,5.900216610799999,5.9271539000999995,6.0277072825,6.015802004999999,6.009137158899999,5.9884895613,6.0070877090999995,5.987560553599999,6.017597292299999,6.001844091699999,6.021913101299999,6.025777578199999,11.764840652,12.004775446,6.017875574099999,6.026085442699999,6.039796239399998,6.010566374599999,5.994929659399999,6.017084484299999,5.991456265599999,6.055318210299999,6.0080690641,12.1331722113,6.045468098799999,6.121751473899998,6.103669570499998,6.067758285599999,6.050532978299999,6.030839822999999,6.091514064899999,6.0964626022,11.5561774154,11.640253801500002,11.600547499300001,6.0281765621,0.4666849515,0.4790490828,0.5181461285,0.5233205674,0.5503055383,0.5205698981,0.5117579918999999,0.5383449209,0.4862596621,0.50802321,0.5372447498999999,0.5240549388,0.6053683561,0.5640961496,0.5361899196,0.5951747885,0.531727525,0.4460580291,0.4891559379,0.516401952,0.5548503496,0.49436082109999996,0.616570686,0.4098551521,0.42422914209999996,0.47318581179999997,0.5721596136,0.4540357799,0.4061012233,0.481569639
Euwallacea_funereus,0.36558049859999997,0.49928396929999996,0.3929468895,0.4752072044,0.1597017778,0.0,0.22412977839999998,0.2840232294,0.2779245238,0.412494941,0.4394090404,7.3030437849,0.42964803549999997,0.4114684266,0.366511165,0.3477335477,0.2948743203,0.3273709001,0.30703426479999996,0.3161851244,0.3532605848,0.2783417975,0.2823426355,0.465259018,0.45988736900000005,0.5543799065000001,0.4589368922,12.4162563297,12.597170650699999,12.644284872699998,12.6194718642,12.62432788,12.578741663499999,12.5791083158,12.4424117667,12.4723108361,12.4381184952,12.4600955876,5.919394837,5.9463321263,6.0468855087,6.0349802312,6.028315385099999,6.0076677875,6.0262659353,6.006738779799999,6.036775518499999,6.021022317899999,6.041091327499999,6.044955804399999,11.7840188782,12.0239536722,6.037053800299999,6.045263668899999,6.058974465599999,6.029744600799999,6.014107885599999,6.036262710499999,6.010634491799999,6.0744964365,6.0272472903,12.152350437499999,6.064646324999999,6.140929700099998,6.122847796699999,6.086936511799999,6.069711204499999,6.050018049199999,6.1106922910999995,6.1156408284,11.5753556416,11.659432027700001,11.6197257255,6.0473547883,0.48586317770000004,0.498227309,0.5373243547,0.5424987936000001,0.5694837645,0.5397481243,0.5309362181,0.5575231471,0.5054378883,0.5272014362,0.5564229761,0.543233165,0.6245465823,0.5832743758000001,0.5553681457999999,0.6143530147,0.5509057512,0.4652362553,0.5083341641000001,0.5355801782,0.5740285758000001,0.5135390473,0.6357489122,0.42903337830000005,0.44340736830000005,0.492364038,0.5913378398,0.4732140061,0.42527944949999996,0.5007478651999999
Euwallacea_wallacei,0.32510593219999995,0.45880940289999994,0.3524723231,0.434732638,0.2049515522,0.22412977839999998,0.0,0.1898817378,0.23744995739999997,0.37202037460000004,0.39893447400000004,7.2625692184999995,0.38917346909999995,0.3709938602,0.3260365986,0.30725898129999996,0.2543997539,0.2868963337,0.2665596984,0.275710558,0.3127860184,0.2378672311,0.2418680691,0.4247844516,0.4194128026,0.5139053401,0.4184623258,12.3757817633,12.556696084299999,12.603810306299998,12.578997297799999,12.583853313599999,12.538267097099999,12.538633749399999,12.401937200299999,12.4318362697,12.397643928799999,12.4196210212,5.878920270599999,5.905857559899999,6.0064109423,5.994505664799999,5.987840818699999,5.9671932211,5.985791368899999,5.966264213399999,5.996300952099999,5.980547751499999,6.000616761099999,6.0044812379999986,11.7435443118,11.983479105799999,5.996579233899999,6.004789102499998,6.018499899199998,5.989270034399999,5.973633319199998,5.995788144099999,5.970159925399999,6.034021870099999,5.9867727239,12.111875871099999,6.024171758599999,6.100455133699998,6.082373230299998,6.046461945399999,6.029236638099999,6.009543482799999,6.070217724699999,6.075166262,11.5348810752,11.6189574613,11.5792511591,6.0068802218999995,0.4453886113,0.4577527426,0.4968497883,0.5020242272,0.5290091981,0.4992735579,0.4904616517,0.5170485807,0.4649633219,0.4867268698,0.5159484097,0.5027585986,0.5840720158999999,0.5427998093999999,0.5148935794,0.5738784483,0.5104311848,0.4247616889,0.4678595977,0.4951056118,0.5335540094,0.4730644809,0.5952743458,0.3885588119,0.4029328019,0.4518894716,0.5508632734000001,0.43273943969999995,0.38480488309999994,0.46027329879999995
Euwallacea_destruens,0.38499938319999993,0.5187028538999999,0.41236577409999997,0.494626089,0.2648450032,0.2840232294,0.1898817378,0.0,0.29734340839999995,0.4319138256,0.458827925,7.3224626695,0.4490669201,0.4308873112,0.3859300496,0.3671524323,0.3142932049,0.3467897847,0.32645314940000003,0.335604009,0.3726794694,0.2977606821,0.3017615201,0.4846779026,0.4793062536,0.5737987911,0.47835577679999997,12.4356752143,12.6165895353,12.663703757299999,12.6388907488,12.6437467646,12.5981605481,12.5985272004,12.4618306513,12.4917297207,12.4575373798,12.4795144722,5.9388137216,5.9657510109,6.0663043933,6.0543991158,6.047734269699999,6.0270866721,6.0456848199,6.0261576643999994,6.056194403099999,6.040441202499999,6.0605102121,6.064374688999999,11.8034377628,12.0433725568,6.056472684899999,6.064682553499999,6.078393350199999,6.049163485399999,6.033526770199999,6.055681595099999,6.0300533764,6.0939153211,6.0466661749,12.1717693221,6.084065209599999,6.160348584699999,6.142266681299999,6.1063553964,6.089130089099999,6.0694369338,6.1301111757,6.135059713,11.5947745262,11.678850912300001,11.6391446101,6.0667736729,0.5052820623000001,0.5176461936,0.5567432393,0.5619176781999999,0.5889026491,0.5591670089,0.5503551027,0.5769420317,0.5248567729,0.5466203208,0.5758418607,0.5626520496,0.6439654668999999,0.6026932603999999,0.5747870304,0.6337718993,0.5703246358,0.4846551399,0.5277530487,0.5549990628,0.5934474604,0.5329579319,0.6551677968,0.4484522629,0.4628262529,0.5117829225999999,0.6107567244000001,0.49263289069999994,0.4446983340999999,0.5201667498
Euwallacea_similis,0.36306003979999996,0.49676351049999995,0.39042643070000005,0.4726867456,0.2587462976,0.2779245238,0.23744995739999997,0.29734340839999995,0.0,0.4099744822,0.4368885816,7.3005233260999995,0.42712757669999996,0.4089479678,0.36399070619999996,0.34521308889999996,0.2923538615,0.32485044129999996,0.304513806,0.31366466559999995,0.350740126,0.2758213387,0.2798221767,0.4627385592,0.45736691020000003,0.5518594477000001,0.45641643340000004,12.4137358709,12.5946501919,12.641764413899999,12.6169514054,12.6218074212,12.5762212047,12.576587857,12.4398913079,12.4697903773,12.4355980364,12.4575751288,5.916874378199999,5.9438116674999995,6.0443650499,6.032459772399999,6.025794926299999,6.0051473287,6.023745476499999,6.004218320999999,6.034255059699999,6.018501859099999,6.038570868699999,6.042435345599999,11.7814984194,12.0214332134,6.034533341499999,6.0427432100999985,6.056454006799998,6.027224141999999,6.0115874267999985,6.033742251699999,6.008114032999999,6.071975977699999,6.0247268315,12.1498299787,6.062125866199999,6.138409241299998,6.120327337899998,6.084416052999999,6.067190745699999,6.047497590399999,6.108171832299999,6.1131203696,11.5728351828,11.656911568900002,11.617205266700001,6.0448343294999995,0.4833427189,0.49570685020000005,0.5348038959,0.5399783348,0.5669633057000001,0.5372276655,0.5284157593000001,0.5550026883,0.5029174295000001,0.5246809774000001,0.5539025173000001,0.5407127062,0.6220261235,0.580753917,0.552847687,0.6118325559,0.5483852924,0.4627157965,0.5058137053,0.5330597194,0.571508117,0.5110185885,0.6332284534,0.42651291950000003,0.4408869095,0.4898435792,0.588817381,0.47069354729999996,0.42275899069999995,0.49822740639999996
Xyleborus_celsus,0.45456673280000004,0.5882702035,0.48193312369999997,0.5641934386,0.3933167148,0.412494941,0.37202037460000004,0.4319138256,0.4099744822,0.0,0.3111049918,7.174739736299999,0.30134398689999997,0.283164378,0.2382071164,0.2825053533,0.2935261699,0.4163571343,0.396020499,0.4051713586,0.442246819,0.3673280317,0.3713288697,0.5542452522,0.5488736032,0.6433661407,0.5479231264,12.5052425639,12.686156884899999,12.733271106899998,12.7084580984,12.7133141142,12.667727897699999,12.66809455,12.5313980009,12.5612970703,12.5271047294,12.5490818218,6.0083810712,6.0353183605,6.1358717429,6.1239664654,6.117301619299999,6.0966540217,6.1152521695,6.095725013999999,6.125761752699999,6.110008552099999,6.130077561699999,6.133942038599999,11.8730051124,12.1129399064,6.126040034499999,6.134249903099999,6.147960699799999,6.118730834999999,6.103094119799999,6.125248944699999,6.0996207259999995,6.1634826707,6.1162335245,12.2413366717,6.153632559199999,6.229915934299998,6.211834030899999,6.1759227459999995,6.158697438699999,6.139004283399999,6.1996785252999995,6.2046270626,11.6643418758,11.748418261900001,11.7087119597,6.1363410225,0.5748494119,0.5872135432,0.6263105889,0.6314850277999999,0.6584699987,0.6287343585,0.6199224523,0.6465093813,0.5944241225,0.6161876704,0.6454092103,0.6322193992,0.7135328164999999,0.6722606099999999,0.64435438,0.7033392489,0.6398919854,0.5542224895,0.5973203982999999,0.6245664124,0.66301481,0.6025252815,0.7247351464,0.5180196125000001,0.5323936025,0.5813502721999999,0.6803240740000001,0.5622002403,0.5142656837,0.5897340994
Xyleborus_ferrugineus,0.48148083220000004,0.6151843029,0.5088472231,0.5911075379999999,0.4202308142,0.4394090404,0.39893447400000004,0.458827925,0.4368885816,0.3111049918,0.0,7.201653835699999,0.3282580863,0.3100784774,0.26512121580000003,0.3094194527,0.3204402693,0.4432712337,0.42293459840000003,0.432085458,0.4691609184,0.3942421311,0.3982429691,0.5811593516,0.5757877026,0.6702802401000001,0.5748372258,12.532156663299999,12.713070984299998,12.760185206299997,12.735372197799999,12.740228213599998,12.694641997099998,12.695008649399998,12.558312100299998,12.5882111697,12.554018828799999,12.575995921199999,6.0352951705999995,6.0622324599,6.1627858423,6.1508805648,6.144215718699999,6.1235681211,6.1421662689,6.122639113399999,6.152675852099999,6.136922651499999,6.156991661099999,6.160856137999999,11.899919211799999,12.139854005799998,6.152954133899999,6.161164002499999,6.174874799199999,6.145644934399999,6.130008219199999,6.152163044099999,6.126534825399999,6.1903967701,6.1431476239,12.268250771099998,6.180546658599999,6.256830033699998,6.2387481302999985,6.202836845399999,6.185611538099999,6.165918382799999,6.226592624699999,6.231541162,11.691255975199999,11.7753323613,11.7356260591,6.1632551219,0.6017635112999999,0.6141276426,0.6532246882999999,0.6583991272,0.6853840981,0.6556484578999999,0.6468365517,0.6734234806999999,0.6213382219,0.6431017698,0.6723233097,0.6591334985999999,0.7404469159,0.6991747094,0.6712684793999999,0.7302533483,0.6668060847999999,0.5811365889,0.6242344977000001,0.6514805118,0.6899289094000001,0.6294393809,0.7516492457999999,0.5449337119,0.5593077019,0.6082643716,0.7072381734,0.5891143397,0.5411797831,0.6166481988000001
Xyleborus_glabratus,7.3451155767,7.4788190474,7.3724819676,7.4547422825,7.2838655587,7.3030437849,7.2625692184999995,7.3224626695,7.3005233260999995,7.174739736299999,7.201653835699999,0.0,7.1918928308,7.173713221899999,7.1287559602999995,7.173054197199999,7.184075013799999,7.3069059782,7.2865693429,7.2957202025,7.3327956629,7.2578768756,7.2618777136,7.4447940961,7.4394224471,7.5339149846,7.438471970299999,19.395791407799997,19.5767057288,19.623819950799998,19.5990069423,19.6038629581,19.558276741599997,19.5586433939,19.421946844799997,19.4518459142,19.4176535733,19.4396306657,12.898929915099998,12.9258672044,13.0264205868,13.014515309299998,13.007850463199999,12.9872028656,13.0058010134,12.986273857899999,13.016310596599999,13.000557395999998,13.020626405599998,13.024490882499999,18.7635539563,19.0034887503,13.016588878399999,13.024798746999998,13.038509543699998,13.009279678899999,12.993642963699997,13.015797788599999,12.990169569899999,13.054031514599998,13.0067823684,19.131885515599997,13.044181403099998,13.120464778199999,13.102382874799998,13.066471589899999,13.049246282599999,13.029553127299998,13.090227369199999,13.0951759065,18.554890719699998,18.6389671058,18.5992608036,13.0268898664,7.465398255799999,7.477762387099999,7.5168594328,7.5220338717,7.5490188426,7.5192832024,7.5104712961999995,7.5370582252,7.4849729664,7.5067365143,7.5359580542,7.5227682431,7.604081660399999,7.5628094539,7.5349032239,7.593888092799999,7.5304408293,7.444771333399999,7.4878692421999995,7.5151152563,7.5535636538999995,7.4930741254,7.6152839903,7.408568456399999,7.4229424464,7.4718991160999995,7.5708729179,7.4527490842,7.4048145276,7.4802829433
Xyleborus_perforans,0.4717198273,0.605423298,0.4990862182,0.5813465331,0.4104698093,0.42964803549999997,0.38917346909999995,0.4490669201,0.42712757669999996,0.30134398689999997,0.3282580863,7.1918928308,0.0,0.30031747249999996,0.2553602109,0.2996584478,0.3106792644,0.43351022879999995,0.41317359349999994,0.4223244531,0.4593999135,0.38448112619999997,0.3884819642,0.5713983466999999,0.5660266976999999,0.6605192352,0.5650762209,12.522395658399999,12.703309979399998,12.750424201399998,12.725611192899999,12.730467208699999,12.684880992199998,12.685247644499999,12.548551095399999,12.5784501648,12.544257823899999,12.5662349163,6.0255341657,6.052471454999999,6.1530248374,6.1411195599,6.1344547137999985,6.1138071162,6.132405263999999,6.112878108499999,6.142914847199998,6.127161646599999,6.1472306562,6.151095133099998,11.890158206899999,12.130093000899999,6.143193128999998,6.151402997599998,6.165113794299998,6.1358839294999985,6.120247214299999,6.1424020391999985,6.116773820499999,6.1806357652,6.1333866189999995,12.258489766199999,6.170785653699999,6.247069028799999,6.228987125399998,6.193075840499999,6.175850533199998,6.1561573779,6.216831619799999,6.2217801570999995,11.6814949703,11.7655713564,11.7258650542,6.153494116999999,0.5920025064,0.6043666377,0.6434636833999999,0.6486381223,0.6756230932,0.645887453,0.6370755468,0.6636624757999999,0.611577217,0.6333407649,0.6625623048,0.6493724936999999,0.7306859109999999,0.6894137045,0.6615074744999999,0.7204923433999999,0.6570450798999999,0.5713755839999999,0.6144734928,0.6417195068999999,0.6801679045,0.619678376,0.7418882408999999,0.535172707,0.5495466969999999,0.5985033666999999,0.6974771685,0.5793533348,0.5314187782,0.6068871939
Xyleborus_bispinatus,0.45354021840000003,0.5872436891,0.48090660929999995,0.5631669241999999,0.3922902004,0.4114684266,0.3709938602,0.4308873112,0.4089479678,0.283164378,0.3100784774,7.173713221899999,0.30031747249999996,0.0,0.237180602,0.2814788389,0.2924996555,0.4153306199,0.3949939846,0.40414484419999996,0.4412203046,0.3663015173,0.3703023553,0.5532187378,0.5478470888,0.6423396263000001,0.546896612,12.5042160495,12.6851303705,12.732244592499999,12.707431584,12.7122875998,12.6667013833,12.6670680356,12.5303714865,12.5602705559,12.526078215,12.5480553074,6.007354556799999,6.0342918460999995,6.1348452285,6.122939950999999,6.116275104899999,6.0956275073,6.114225655099999,6.094698499599999,6.124735238299999,6.108982037699999,6.129051047299999,6.132915524199999,11.871978598,12.111913392,6.125013520099999,6.1332233886999985,6.146934185399998,6.117704320599999,6.1020676053999985,6.124222430299999,6.098594211599999,6.162456156299999,6.1152070101,12.2403101573,6.152606044799999,6.228889419899998,6.210807516499998,6.174896231599999,6.157670924299999,6.137977768999999,6.198652010899999,6.2036005482,11.6633153614,11.747391747500002,11.707685445300001,6.1353145081,0.5738228974999999,0.5861870288,0.6252840744999999,0.6304585134,0.6574434843,0.6277078440999999,0.6188959379,0.6454828668999999,0.5933976081,0.615161156,0.6443826959,0.6311928847999999,0.7125063021,0.6712340956,0.6433278655999999,0.7023127345,0.6388654709999999,0.5531959751,0.5962938839,0.623539898,0.6619882956,0.6014987670999999,0.7237086319999999,0.5169930980999999,0.5313670881,0.5803237578,0.6792975595999999,0.5611737259,0.5132391693,0.5887075850000001
Xyleborus_monographus,0.4085829568,0.5422864275,0.43594934770000004,0.5182096626,0.34733293880000005,0.366511165,0.3260365986,0.3859300496,0.36399070619999996,0.2382071164,0.26512121580000003,7.1287559602999995,0.2553602109,0.237180602,0.0,0.2365215773,0.2475423939,0.37037335829999996,0.350036723,0.3591875826,0.39626304300000004,0.3213442557,0.3253450937,0.5082614762,0.5028898272,0.5973823647000001,0.5019393504,12.4592587879,12.6401731089,12.687287330899998,12.6624743224,12.6673303382,12.621744121699999,12.622110774,12.4854142249,12.5153132943,12.4811209534,12.5030980458,5.9623972952,5.9893345845,6.0898879669,6.0779826894,6.071317843299999,6.0506702457,6.0692683935,6.049741237999999,6.079777976699999,6.064024776099999,6.0840937856999995,6.087958262599999,11.8270213364,12.0669561304,6.080056258499999,6.088266127099999,6.101976923799999,6.072747058999999,6.057110343799999,6.079265168699999,6.05363695,6.1174988947,6.0702497485,12.1953528957,6.107648783199999,6.183932158299998,6.165850254899999,6.1299389699999995,6.112713662699999,6.0930205073999995,6.1536947493,6.1586432866,11.6183580998,11.702434485900001,11.6627281837,6.0903572465,0.5288656359,0.5412297672,0.5803268129,0.5855012518,0.6124862227000001,0.5827505825,0.5739386763000001,0.6005256053,0.5484403465000001,0.5702038944000001,0.5994254343000001,0.5862356232,0.6675490405,0.626276834,0.598370604,0.6573554729,0.5939082094,0.5082387134999999,0.5513366223,0.5785826364,0.617031034,0.5565415055,0.6787513704,0.47203583650000003,0.4864098265,0.5353664962,0.634340298,0.5162164643,0.4682819077,0.5437503234000001
Xyleborus_impressus,0.38980533949999996,0.5235088102,0.4171717304,0.49943204529999996,0.3285553215,0.3477335477,0.30725898129999996,0.3671524323,0.34521308889999996,0.2825053533,0.3094194527,7.173054197199999,0.2996584478,0.2814788389,0.2365215773,0.0,0.2287647766,0.35159574099999996,0.33125910569999995,0.3404099653,0.3774854257,0.3025666384,0.3065674764,0.48948385889999996,0.4841122099,0.5786047474,0.4831617331,12.4404811706,12.6213954916,12.668509713599999,12.6436967051,12.6485527209,12.6029665044,12.6033331567,12.4666366076,12.496535677,12.4623433361,12.4843204285,5.943619677899999,5.970556967199999,6.0711103496,6.059205072099999,6.052540225999999,6.0318926284,6.050490776199999,6.030963620699999,6.061000359399999,6.045247158799999,6.065316168399999,6.069180645299999,11.8082437191,12.0481785131,6.061278641199999,6.069488509799998,6.083199306499998,6.053969441699999,6.038332726499998,6.060487551399999,6.034859332699999,6.098721277399999,6.0514721312,12.1765752784,6.088871165899999,6.165154540999998,6.147072637599998,6.111161352699999,6.093936045399999,6.074242890099999,6.134917131999999,6.1398656693,11.5995804825,11.683656868600002,11.643950566400001,6.0715796291999995,0.5100880186,0.5224521499,0.5615491955999999,0.5667236345,0.5937086054,0.5639729652,0.555161059,0.5817479879999999,0.5296627292,0.5514262771,0.580647817,0.5674580059,0.6487714231999999,0.6074992167,0.5795929866999999,0.6385778555999999,0.5751305921,0.48946109619999995,0.532559005,0.5598050190999999,0.5982534167,0.5377638882,0.6599737531,0.4532582192,0.4676322091999999,0.5165888788999999,0.6155626807,0.49743884699999996,0.44950429039999995,0.5249727061
Xyleborus_spinulosus,0.3369461121,0.47064958279999997,0.364312503,0.44657281790000003,0.2756960941,0.2948743203,0.2543997539,0.3142932049,0.2923538615,0.2935261699,0.3204402693,7.184075013799999,0.3106792644,0.2924996555,0.2475423939,0.2287647766,0.0,0.2987365136,0.2783998783,0.28755073789999996,0.3246261983,0.249707411,0.253708249,0.43662463149999997,0.4312529825,0.5257455200000001,0.4303025057,12.3876219432,12.568536264199999,12.615650486199998,12.5908374777,12.595693493499999,12.550107276999999,12.550473929299999,12.413777380199999,12.4436764496,12.4094841087,12.4314612011,5.890760450499999,5.9176977397999995,6.0182511222,6.006345844699999,5.999680998599999,5.979033401,5.997631548799999,5.978104393299999,6.008141131999999,5.992387931399999,6.012456940999999,6.016321417899999,11.7553844917,11.995319285699999,6.008419413799999,6.0166292823999985,6.030340079099998,6.001110214299999,5.9854734990999985,6.007628323999999,5.982000105299999,6.045862049999999,5.9986129038,12.123716050999999,6.036011938499999,6.112295313599998,6.094213410199998,6.058302125299999,6.041076817999999,6.021383662699999,6.082057904599999,6.0870064419,11.5467212551,11.630797641200001,11.591091339,6.0187204018,0.45722879120000004,0.4695929225,0.5086899682,0.5138644071,0.540849378,0.5111137378,0.5023018316,0.5288887606,0.4768035018,0.4985670497,0.5277885896,0.5145987785,0.5959121958,0.5546399893,0.5267337593,0.5857186282,0.5222713647,0.43660186879999996,0.47969977760000004,0.5069457917,0.5453941893,0.48490466079999994,0.6071145257,0.40039899180000005,0.4147729818,0.4637296515,0.5627034533,0.4445796196,0.39664506299999996,0.4721134787
Anisandrus_dispar,0.36944269189999995,0.5031461626,0.39680908280000005,0.4790693977,0.3081926739,0.3273709001,0.2868963337,0.3467897847,0.32485044129999996,0.4163571343,0.4432712337,7.3069059782,0.43351022879999995,0.4153306199,0.37037335829999996,0.35159574099999996,0.2987365136,0.0,0.1204956875,0.32004731769999994,0.3571227781,0.28220399079999997,0.2862048288,0.4691212113,0.46374956230000003,0.5582420998000001,0.46279908550000004,12.420118523,12.601032843999999,12.648147065999998,12.6233340575,12.628190073299999,12.582603856799999,12.582970509099999,12.44627396,12.4761730294,12.4419806885,12.4639577809,5.923257030299999,5.9501943196,6.050747702,6.038842424499999,6.032177578399999,6.0115299808,6.0301281285999995,6.010600973099999,6.040637711799999,6.024884511199999,6.044953520799999,6.048817997699999,11.7878810715,12.0278158655,6.040915993599999,6.049125862199999,6.0628366588999985,6.033606794099999,6.017970078899999,6.040124903799999,6.014496685099999,6.078358629799999,6.0311094836,12.156212630799999,6.068508518299999,6.144791893399998,6.126709989999998,6.090798705099999,6.073573397799999,6.053880242499999,6.114554484399999,6.1195030217,11.5792178349,11.663294221000001,11.6235879188,6.0512169816,0.489725371,0.5020895023,0.541186548,0.5463609869,0.5733459578,0.5436103176,0.5347984114,0.5613853404,0.5093000816,0.5310636295,0.5602851694,0.5470953583,0.6284087756,0.5871365691,0.5592303391,0.6182152080000001,0.5547679445,0.4690984486,0.5121963574,0.5394423715000001,0.5778907691,0.5174012405999999,0.6396111055,0.43289557160000003,0.4472695616,0.4962262313,0.5952000331,0.47707619939999996,0.42914164279999995,0.5046100585
Anisandrus_sayi,0.34910605659999994,0.48280952729999993,0.3764724475,0.4587327624,0.2878560386,0.30703426479999996,0.2665596984,0.32645314940000003,0.304513806,0.396020499,0.42293459840000003,7.2865693429,0.41317359349999994,0.3949939846,0.350036723,0.33125910569999995,0.2783998783,0.1204956875,0.0,0.2997106824,0.33678614279999997,0.26186735549999995,0.2658681935,0.448784576,0.443412927,0.5379054645000001,0.44246245019999997,12.3997818877,12.5806962087,12.627810430699999,12.6029974222,12.607853438,12.562267221499999,12.5626338738,12.4259373247,12.4558363941,12.4216440532,12.4436211456,5.902920395,5.9298576843,6.0304110667,6.0185057892,6.011840943099999,5.9911933455,6.0097914933,5.990264337799999,6.020301076499999,6.004547875899999,6.0246168854999995,6.028481362399999,11.7675444362,12.0074792302,6.020579358299999,6.028789226899999,6.042500023599999,6.013270158799999,5.997633443599999,6.019788268499999,5.9941600498,6.0580219945,6.0107728483,12.1358759955,6.048171882999999,6.1244552580999985,6.106373354699999,6.0704620698,6.053236762499999,6.0335436071999995,6.0942178491,6.0991663864,11.5588811996,11.642957585700001,11.6032512835,6.0308803463,0.4693887357,0.481752867,0.5208499126999999,0.5260243516,0.5530093225,0.5232736822999999,0.5144617761,0.5410487050999999,0.4889634463,0.5107269942,0.5399485341,0.5267587229999999,0.6080721403,0.5667999338,0.5388937037999999,0.5978785727,0.5344313091999999,0.4487618133,0.4918597221,0.5191057362,0.5575541338000001,0.49706460529999996,0.6192744701999999,0.4125589363,0.4269329263,0.47588959599999997,0.5748633978,0.45673956409999994,0.40880500749999993,0.48427342319999994
Cnestus_mutilatus,0.3582569162,0.4919603869,0.38562330710000003,0.467883622,0.29700689820000004,0.3161851244,0.275710558,0.335604009,0.31366466559999995,0.4051713586,0.432085458,7.2957202025,0.4223244531,0.40414484419999996,0.3591875826,0.3404099653,0.28755073789999996,0.32004731769999994,0.2997106824,0.0,0.23857790140000001,0.2710182151,0.27501905309999997,0.4579354356,0.4525637866,0.5470563241,0.45161330980000003,12.4089327473,12.5898470683,12.636961290299999,12.6121482818,12.6170042976,12.5714180811,12.5717847334,12.4350881843,12.4649872537,12.4307949128,12.4527720052,5.9120712546,5.9390085439,6.0395619263,6.0276566488,6.020991802699999,6.0003442051,6.0189423529,5.999415197399999,6.029451936099999,6.013698735499999,6.0337677451,6.037632221999999,11.7766952958,12.0166300898,6.029730217899999,6.037940086499999,6.051650883199999,6.022421018399999,6.006784303199999,6.028939128099999,6.0033109094,6.0671728541,6.0199237079,12.1450268551,6.057322742599999,6.1336061176999985,6.115524214299999,6.0796129294,6.062387622099999,6.0426944667999996,6.1033687087,6.108317246,11.5680320592,11.652108445300001,11.6124021431,6.0400312059,0.4785395953,0.49090372660000003,0.5300007723,0.5351752112,0.5621601821,0.5324245419,0.5236126356999999,0.5501995647,0.4981143059,0.5198778538,0.5490993936999999,0.5359095826,0.6172229999,0.5759507934,0.5480445634,0.6070294323000001,0.5435821688,0.4579126729,0.5010105817,0.5282565958000001,0.5667049934,0.5062154648999999,0.6284253298,0.4217097959,0.43608378589999996,0.4850404556,0.5840142574,0.4658904237,0.4179558671,0.4934242828
Cnestus_bimaculatus,0.3953323766,0.5290358473,0.4226987675,0.5049590824,0.3340823586,0.3532605848,0.3127860184,0.3726794694,0.350740126,0.442246819,0.4691609184,7.3327956629,0.4593999135,0.4412203046,0.39626304300000004,0.3774854257,0.3246261983,0.3571227781,0.33678614279999997,0.23857790140000001,0.0,0.3080936755,0.3120945135,0.495010896,0.489639247,0.5841317845,0.4886887702,12.4460082077,12.6269225287,12.674036750699997,12.6492237422,12.654079757999998,12.6084935415,12.608860193799998,12.4721636447,12.5020627141,12.4678703732,12.4898474656,5.9491467149999995,5.9760840043,6.0766373867,6.0647321091999995,6.058067263099999,6.0374196655,6.0560178132999996,6.036490657799999,6.066527396499999,6.050774195899999,6.070843205499999,6.074707682399999,11.8137707562,12.0537055502,6.066805678299999,6.075015546899999,6.0887263435999985,6.059496478799999,6.043859763599999,6.066014588499999,6.040386369799999,6.1042483144999995,6.0569991683,12.1821023155,6.094398202999999,6.170681578099998,6.1525996746999985,6.116688389799999,6.099463082499999,6.079769927199999,6.140444169099999,6.1453927064,11.6051075196,11.689183905700002,11.6494776035,6.0771066663,0.5156150557,0.527979187,0.5670762327,0.5722506716,0.5992356425,0.5695000023,0.5606880961,0.5872750251,0.5351897663,0.5569533142,0.5861748541,0.572985043,0.6542984602999999,0.6130262538,0.5851200237999999,0.6441048926999999,0.5806576292,0.49498813329999997,0.5380860421,0.5653320561999999,0.6037804538,0.5432909253,0.6655007902,0.4587852563,0.47315924629999995,0.522115916,0.6210897178,0.5029658841,0.45503132749999997,0.5304997432
Dryocoetes_autographus,0.32041358929999997,0.45411705999999996,0.3477799802,0.43004029509999997,0.2591635713,0.2783417975,0.2378672311,0.2977606821,0.2758213387,0.3673280317,0.3942421311,7.2578768756,0.38448112619999997,0.3663015173,0.3213442557,0.3025666384,0.249707411,0.28220399079999997,0.26186735549999995,0.2710182151,0.3080936755,0.0,0.1315421894,0.4200921087,0.41472045970000004,0.5092129972,0.4137699829,12.371089420399999,12.552003741399998,12.599117963399998,12.574304954899999,12.579160970699999,12.533574754199998,12.533941406499999,12.397244857399999,12.4271439268,12.392951585899999,12.414928678299999,5.8742279277,5.901165217,6.0017185994,5.9898133219,5.983148475799999,5.9625008782,5.981099026,5.961571870499999,5.991608609199999,5.975855408599999,5.9959244181999996,5.999788895099999,11.738851968899999,11.978786762899999,5.991886890999999,6.000096759599999,6.013807556299999,5.984577691499999,5.968940976299999,5.991095801199999,5.9654675825,6.0293295272,5.982080381,12.107183528199998,6.019479415699999,6.0957627907999985,6.077680887399999,6.0417696025,6.024544295199999,6.0048511398999995,6.0655253818,6.0704739191,11.5301887323,11.6142651184,11.5745588162,6.002187879,0.4406962684,0.4530603997,0.49215744539999995,0.49733188429999997,0.5243168552,0.49458121499999996,0.4857693088,0.5123562378,0.460270979,0.48203452690000004,0.5112560668,0.49806625569999996,0.5793796729999999,0.5381074665,0.5102012364999999,0.5691861054,0.5057388419,0.420069346,0.4631672548,0.49041326890000003,0.5288616665,0.468372138,0.5905820029,0.383866469,0.398240459,0.44719712869999995,0.5461709305,0.42804709679999997,0.38011254019999996,0.4555809559
Dryocoetes_confusus,0.3244144273,0.45811789799999997,0.35178081819999996,0.4340411331,0.2631644093,0.2823426355,0.2418680691,0.3017615201,0.2798221767,0.3713288697,0.3982429691,7.2618777136,0.3884819642,0.3703023553,0.3253450937,0.3065674764,0.253708249,0.2862048288,0.2658681935,0.27501905309999997,0.3120945135,0.1315421894,0.0,0.4240929467,0.4187212977,0.5132138352,0.41777082089999995,12.3750902584,12.5560045794,12.603118801399999,12.5783057929,12.5831618087,12.5375755922,12.5379422445,12.4012456954,12.4311447648,12.3969524239,12.4189295163,5.878228765699999,5.905166055,6.0057194374,5.993814159899999,5.987149313799999,5.9665017162,5.9850998639999995,5.965572708499999,5.995609447199999,5.979856246599999,5.999925256199999,6.003789733099999,11.7428528069,11.9827876009,5.995887728999999,6.004097597599999,6.0178083942999985,5.988578529499999,5.972941814299999,5.995096639199999,5.969468420499999,6.033330365199999,5.986081219,12.1111843662,6.023480253699999,6.099763628799998,6.081681725399998,6.045770440499999,6.028545133199999,6.008851977899999,6.069526219799999,6.0744747571,11.5341895703,11.618265956400002,11.578559654200001,6.006188717,0.4446971064,0.45706123769999996,0.49615828339999996,0.5013327222999999,0.5283176932,0.49858205299999997,0.4897701468,0.5163570758,0.464271817,0.4860353649,0.5152569048,0.5020670937,0.5833805109999999,0.5421083044999999,0.5142020745,0.5731869434,0.5097396799,0.42407018399999996,0.4671680928,0.4944141069,0.5328625045,0.47237297599999994,0.5945828409,0.387867307,0.402241297,0.45119796669999995,0.5501717685,0.4320479348,0.38411337819999997,0.4595817939
